# Basically the intrinsic parameters of the camera
# See: https://github.com/dimatura/ros_vimdoc/blob/master/doc/ros-camera-info.txt
image_width: 2592
image_height: 1944
camera_name: cam_hand
camera_matrix:
  rows: 3
  cols: 3
  data: [3885.412890688616, 0.0, 1253.793343296152, 0.0, 3885.286578898754, 987.6913427600248, 0.0, 0.0, 1.0]
distortion_model: plumb_bob
distortion_coefficients:
  rows: 1
  cols: 4
  data: [-0.102409180420852, 0.478451285144566, 0.0, 0.0]
rectification_matrix:
  rows: 3
  cols: 3
  data: [1.0, 0.0, 0.0, 0.0, 1.0, 0.0, 0.0, 0.0, 1.0]
projection_matrix:
  rows: 3
  cols: 4
  data: [3873.37605, 0.0, 1254.40502, 0.0, 0.0, 3874.46278, 987.548635, 0.0, 0.0, 0.0, 1.0, 0.0]
